15.5 
0.252
0.056
0.051
0.059
0.057
0.052
0.051
0.102
0.064
0.051
0.064
0.057
0.052
0.055
0.052
0.044
0.051
0.051
0.108
0.049
0.052
0.049
0.058
0.060
0.049
0.052
0.049
0.048
0.050
0.059
0.093
0.051
0.058
0.052
0.066
0.052
0.053
0.053
0.053
0.052
0.049
0.051
0.050
0.049
0.047
0.049
0.051
0.050
0.103
0.052
0.050
0.053
0.051
0.059
0.051
0.051
0.049
0.058
0.050
0.051
0.050
0.050
0.050
0.056
0.059
0.051
0.049
0.050
0.049
0.049
0.056
0.057
0.049
0.056
0.051
0.050
0.046
0.051
0.051
0.048
0.047
0.048
0.050
0.055
0.077
0.203
0.049
0.144
0.049
0.048
0.080
0.052
0.050
0.052
0.050
0.143
0.052
0.052
0.051