181
0.187
0.059
0.050
0.051
0.048
0.049
0.051
0.054
0.051
0.059
0.051
0.051
0.053
0.050
0.053
0.048
0.051
0.060
0.050
0.059
0.049
0.052
0.054
0.046
0.051
0.073
0.059
0.053
0.058
0.052
0.048
0.050
0.054
0.115
0.169
0.120
0.049
0.050
0.057
0.053
0.046
0.047
0.054
0.067
0.054
0.040
0.056
0.053
0.052
0.053
0.046
0.048
0.051
0.086
0.051
0.045
0.052
0.051
0.127
0.052
0.046
0.052
0.051
0.060
0.051
0.047
0.053
0.043
0.059
0.051
0.049
0.049
0.055
0.053
0.054
0.045
0.063
0.052
0.059
0.051
0.050
0.055
0.059
0.062
0.047
0.050
0.051
0.052
0.053
0.051
0.045
0.052
0.053
0.061
0.059
0.050
0.051
0.052
0.059